%BLOCK LATTICE_CART
       2.133609006277839      -1.231839734119921       0.000000000000000
      -0.000000000000000       2.463679468239841       0.000000000000000
       0.000000000000000       0.000000000000000       3.202409999999999
%ENDBLOCK LATTICE_CART

%BLOCK POSITIONS_FRAC
  C  -0.3333333333333333   0.3333333333333333  -0.0000000000000000
  C   0.3333333333333333  -0.3333333333333333  -0.0000000000000000
%ENDBLOCK POSITIONS_FRAC

%BLOCK KPOINTS_LIST
   0.4444444444444444   0.4444444444444444   0.4166666666666666       0.024691358024691
   0.4444444444444444   0.4444444444444444   0.2500000000000000       0.024691358024691
   0.4444444444444444   0.4444444444444444   0.0833333333333333       0.024691358024691
   0.4444444444444444   0.3333333333333334   0.4166666666666666       0.049382716049383
   0.4444444444444444   0.3333333333333334   0.2500000000000000       0.049382716049383
   0.4444444444444444   0.3333333333333334   0.0833333333333333       0.049382716049383
   0.4444444444444444   0.0000000000000000   0.4166666666666666       0.024691358024691
   0.4444444444444444   0.0000000000000000   0.2500000000000000       0.024691358024691
   0.4444444444444444   0.0000000000000000   0.0833333333333333       0.024691358024691
   0.4444444444444444  -0.1111111111111111   0.4166666666666666       0.049382716049383
   0.4444444444444444  -0.1111111111111111   0.2500000000000000       0.049382716049383
   0.4444444444444444  -0.1111111111111111   0.0833333333333333       0.049382716049383
   0.4444444444444444  -0.2222222222222222   0.4166666666666666       0.024691358024691
   0.4444444444444444  -0.2222222222222222   0.2500000000000000       0.024691358024691
   0.4444444444444444  -0.2222222222222222   0.0833333333333333       0.024691358024691
   0.3333333333333334   0.3333333333333334   0.4166666666666666       0.008230452674897
   0.3333333333333334   0.3333333333333334   0.2500000000000000       0.008230452674897
   0.3333333333333334   0.3333333333333334   0.0833333333333333       0.008230452674897
   0.3333333333333334   0.0000000000000000   0.4166666666666666       0.024691358024691
   0.3333333333333334   0.0000000000000000   0.2500000000000000       0.024691358024691
   0.3333333333333334   0.0000000000000000   0.0833333333333333       0.024691358024691
   0.3333333333333334  -0.1111111111111111   0.4166666666666666       0.049382716049383
   0.3333333333333334  -0.1111111111111111   0.2500000000000000       0.049382716049383
   0.3333333333333334  -0.1111111111111111   0.0833333333333333       0.049382716049383
   0.2222222222222222   0.0000000000000000   0.4166666666666666       0.024691358024691
   0.2222222222222222   0.0000000000000000   0.2500000000000000       0.024691358024691
   0.2222222222222222   0.0000000000000000   0.0833333333333333       0.024691358024691
   0.2222222222222222  -0.1111111111111111   0.4166666666666666       0.024691358024691
   0.2222222222222222  -0.1111111111111111   0.2500000000000000       0.024691358024691
   0.2222222222222222  -0.1111111111111111   0.0833333333333333       0.024691358024691
   0.1111111111111112   0.0000000000000000   0.4166666666666666       0.024691358024691
   0.1111111111111112   0.0000000000000000   0.2500000000000000       0.024691358024691
   0.1111111111111112   0.0000000000000000   0.0833333333333333       0.024691358024691
   0.0000000000000000   0.0000000000000000   0.4166666666666666       0.004115226337449
   0.0000000000000000   0.0000000000000000   0.2500000000000000       0.004115226337449
   0.0000000000000000   0.0000000000000000   0.0833333333333333       0.004115226337449
%ENDBLOCK KPOINTS_LIST

%BLOCK SYMMETRY_OPS
       1.000000000000000       0.000000000000000       0.000000000000000
      -0.000000000000000       1.000000000000000       0.000000000000000
       0.000000000000000       0.000000000000000       1.000000000000000
       0.000000000000000       0.000000000000000       0.000000000000000
      -0.500000000000000       0.866025403784439       0.000000000000000
      -0.866025403784439      -0.500000000000000       0.000000000000000
       0.000000000000000       0.000000000000000       1.000000000000000
       0.000000000000000       0.000000000000000       0.000000000000000
      -0.500000000000000      -0.866025403784439       0.000000000000000
       0.866025403784439      -0.500000000000000       0.000000000000000
       0.000000000000000       0.000000000000000       1.000000000000000
       0.000000000000000       0.000000000000000       0.000000000000000
      -1.000000000000000      -0.000000000000000       0.000000000000000
       0.000000000000000      -1.000000000000000       0.000000000000000
       0.000000000000000       0.000000000000000       1.000000000000000
       0.000000000000000       0.000000000000000       0.000000000000000
       0.500000000000000      -0.866025403784439       0.000000000000000
       0.866025403784439       0.500000000000000       0.000000000000000
       0.000000000000000       0.000000000000000       1.000000000000000
       0.000000000000000       0.000000000000000       0.000000000000000
       0.500000000000000       0.866025403784439       0.000000000000000
      -0.866025403784439       0.500000000000000       0.000000000000000
       0.000000000000000       0.000000000000000       1.000000000000000
       0.000000000000000       0.000000000000000       0.000000000000000
       0.500000000000000       0.866025403784439       0.000000000000000
       0.866025403784439      -0.500000000000000       0.000000000000000
       0.000000000000000       0.000000000000000      -1.000000000000000
       0.000000000000000       0.000000000000000       0.000000000000000
       0.500000000000000      -0.866025403784439       0.000000000000000
      -0.866025403784439      -0.500000000000000       0.000000000000000
       0.000000000000000       0.000000000000000      -1.000000000000000
       0.000000000000000       0.000000000000000       0.000000000000000
      -1.000000000000000       0.000000000000000       0.000000000000000
      -0.000000000000000       1.000000000000000       0.000000000000000
       0.000000000000000       0.000000000000000      -1.000000000000000
       0.000000000000000       0.000000000000000       0.000000000000000
      -0.500000000000000      -0.866025403784439       0.000000000000000
      -0.866025403784439       0.500000000000000       0.000000000000000
       0.000000000000000       0.000000000000000      -1.000000000000000
       0.000000000000000       0.000000000000000       0.000000000000000
      -0.500000000000000       0.866025403784439       0.000000000000000
       0.866025403784439       0.500000000000000       0.000000000000000
       0.000000000000000       0.000000000000000      -1.000000000000000
       0.000000000000000       0.000000000000000       0.000000000000000
       1.000000000000000      -0.000000000000000       0.000000000000000
       0.000000000000000      -1.000000000000000       0.000000000000000
       0.000000000000000       0.000000000000000      -1.000000000000000
       0.000000000000000       0.000000000000000       0.000000000000000
      -1.000000000000000      -0.000000000000000       0.000000000000000
       0.000000000000000      -1.000000000000000       0.000000000000000
       0.000000000000000       0.000000000000000      -1.000000000000000
       0.000000000000000       0.000000000000000       0.000000000000000
       0.500000000000000      -0.866025403784439       0.000000000000000
       0.866025403784439       0.500000000000000       0.000000000000000
       0.000000000000000       0.000000000000000      -1.000000000000000
       0.000000000000000       0.000000000000000       0.000000000000000
       0.500000000000000       0.866025403784439       0.000000000000000
      -0.866025403784439       0.500000000000000       0.000000000000000
       0.000000000000000       0.000000000000000      -1.000000000000000
       0.000000000000000       0.000000000000000       0.000000000000000
       1.000000000000000       0.000000000000000       0.000000000000000
      -0.000000000000000       1.000000000000000       0.000000000000000
       0.000000000000000       0.000000000000000      -1.000000000000000
       0.000000000000000       0.000000000000000       0.000000000000000
      -0.500000000000000       0.866025403784439       0.000000000000000
      -0.866025403784439      -0.500000000000000       0.000000000000000
       0.000000000000000       0.000000000000000      -1.000000000000000
       0.000000000000000       0.000000000000000       0.000000000000000
      -0.500000000000000      -0.866025403784439       0.000000000000000
       0.866025403784439      -0.500000000000000       0.000000000000000
       0.000000000000000       0.000000000000000      -1.000000000000000
       0.000000000000000       0.000000000000000       0.000000000000000
      -0.500000000000000      -0.866025403784439       0.000000000000000
      -0.866025403784439       0.500000000000000       0.000000000000000
       0.000000000000000       0.000000000000000       1.000000000000000
       0.000000000000000       0.000000000000000       0.000000000000000
      -0.500000000000000       0.866025403784439       0.000000000000000
       0.866025403784439       0.500000000000000       0.000000000000000
       0.000000000000000       0.000000000000000       1.000000000000000
       0.000000000000000       0.000000000000000       0.000000000000000
       1.000000000000000      -0.000000000000000       0.000000000000000
       0.000000000000000      -1.000000000000000       0.000000000000000
       0.000000000000000       0.000000000000000       1.000000000000000
       0.000000000000000       0.000000000000000       0.000000000000000
       0.500000000000000       0.866025403784439       0.000000000000000
       0.866025403784439      -0.500000000000000       0.000000000000000
       0.000000000000000       0.000000000000000       1.000000000000000
       0.000000000000000       0.000000000000000       0.000000000000000
       0.500000000000000      -0.866025403784439       0.000000000000000
      -0.866025403784439      -0.500000000000000       0.000000000000000
       0.000000000000000       0.000000000000000       1.000000000000000
       0.000000000000000       0.000000000000000       0.000000000000000
      -1.000000000000000       0.000000000000000       0.000000000000000
      -0.000000000000000       1.000000000000000       0.000000000000000
       0.000000000000000       0.000000000000000       1.000000000000000
       0.000000000000000       0.000000000000000       0.000000000000000
%ENDBLOCK SYMMETRY_OPS

FIX_COM : false
%BLOCK IONIC_CONSTRAINTS
%ENDBLOCK IONIC_CONSTRAINTS

%BLOCK SPECIES_MASS
       C     12.0109996796
%ENDBLOCK SPECIES_MASS

%BLOCK SPECIES_POT
       C  C_00PBE.usp
%ENDBLOCK SPECIES_POT

%BLOCK SPECIES_LCAO_STATES
       C         2
%ENDBLOCK SPECIES_LCAO_STATES

